0, 	 2.000000000000000e+00, 	 0.000000000000000e+00 
1, 	 2.000000000000000e+00, 	 2.220446049250313e-16 
2, 	 2.000000000000000e+00, 	 2.220446049250313e-16 
3, 	 2.000000000000000e+00, 	 2.220446049250313e-16 
4, 	 1.999999999999996e+00, 	 1.776356839400250e-15 
5, 	 1.999999999999996e+00, 	 1.776356839400250e-15 
6, 	 1.999999999999996e+00, 	 1.776356839400250e-15 
7, 	 1.999999999999971e+00, 	 1.432187701766452e-14 
8, 	 2.000000000000024e+00, 	 1.176836406102666e-14 
9, 	 2.000000000000024e+00, 	 1.176836406102666e-14 
10, 	 2.000000000000024e+00, 	 1.176836406102666e-14 
11, 	 2.000000000000024e+00, 	 1.176836406102666e-14 
12, 	 1.999999999999134e+00, 	 4.332090242087361e-13 
13, 	 1.999999999997329e+00, 	 1.335376254019138e-12 
14, 	 1.999999999997329e+00, 	 1.335376254019138e-12 
15, 	 1.999999999997329e+00, 	 1.335376254019138e-12 
16, 	 2.000000000011775e+00, 	 5.887290654982280e-12 
17, 	 2.000000000040858e+00, 	 2.042899183152258e-11 
18, 	 2.000000000040858e+00, 	 2.042899183152258e-11 
19, 	 2.000000000157359e+00, 	 7.867928530913559e-11 
20, 	 2.000000000157359e+00, 	 7.867928530913559e-11 
21, 	 2.000000000157359e+00, 	 7.867928530913559e-11 
22, 	 2.000000001088586e+00, 	 5.442928330268160e-10 
23, 	 2.000000002951175e+00, 	 1.475587430022074e-09 
24, 	 2.000000006677172e+00, 	 3.338586074264072e-09 
25, 	 2.000000006677172e+00, 	 3.338586074264072e-09 
26, 	 1.999999991777554e+00, 	 4.111222917657642e-09 
27, 	 1.999999991777554e+00, 	 4.111222917657642e-09 
28, 	 1.999999991777554e+00, 	 4.111222917657642e-09 
29, 	 1.999999991777554e+00, 	 4.111222917657642e-09 
30, 	 1.999999991777554e+00, 	 4.111222917657642e-09 
31, 	 1.999999991777554e+00, 	 4.111222917657642e-09 
32, 	 1.999999038077090e+00, 	 4.809614552181429e-07 
33, 	 1.999997130754414e+00, 	 1.434622792784168e-06 
34, 	 1.999997130754414e+00, 	 1.434622792784168e-06 
35, 	 1.999997130754414e+00, 	 1.434622792784168e-06 
36, 	 1.999997130754414e+00, 	 1.434622792784168e-06 
37, 	 1.999997130754414e+00, 	 1.434622792784168e-06 
38, 	 1.999936096643622e+00, 	 3.195167818914602e-05 
39, 	 1.999936096643622e+00, 	 3.195167818914602e-05 
40, 	 1.999936096643622e+00, 	 3.195167818914602e-05 
41, 	 1.999447890732965e+00, 	 2.760546335173197e-04 
42, 	 1.998471836514480e+00, 	 7.640817427601032e-04 
43, 	 1.996521156277856e+00, 	 1.739421861072232e-03 
44, 	 1.996521156277856e+00, 	 1.739421861072232e-03 
45, 	 1.988737457549722e+00, 	 5.631271225138845e-03 
46, 	 1.988737457549722e+00, 	 5.631271225138845e-03 
47, 	 1.988737457549722e+00, 	 5.631271225138845e-03 
48, 	 1.988737457549722e+00, 	 5.631271225138845e-03 
49, 	 1.868245948715978e+00, 	 6.587702564201081e-02 
50, 	 1.648721264550947e+00, 	 1.756393677245266e-01 
