0, 	 2.00000000000000e+00, 	 0.00000000000000e+00 
1, 	 2.00000000000000e+00, 	 0.00000000000000e+00 
2, 	 2.00000000000000e+00, 	 2.22044604925031e-16 
3, 	 2.00000000000000e+00, 	 0.00000000000000e+00 
4, 	 2.00000000000000e+00, 	 2.22044604925031e-16 
5, 	 2.00000000000000e+00, 	 0.00000000000000e+00 
6, 	 2.00000000000000e+00, 	 0.00000000000000e+00 
7, 	 2.00000000000000e+00, 	 2.22044604925031e-16 
8, 	 2.00000000000000e+00, 	 3.33066907387547e-16 
9, 	 2.00000000000000e+00, 	 4.44089209850063e-16 
10, 	 2.00000000000000e+00, 	 4.44089209850063e-16 
11, 	 2.00000000000000e+00, 	 4.44089209850063e-16 
12, 	 2.00000000000000e+00, 	 5.55111512312578e-16 
13, 	 2.00000000000000e+00, 	 5.55111512312578e-16 
14, 	 2.00000000000000e+00, 	 5.55111512312578e-16 
15, 	 2.00000000000000e+00, 	 6.66133814775094e-16 
16, 	 2.00000000000000e+00, 	 6.66133814775094e-16 
17, 	 2.00000000000000e+00, 	 6.66133814775094e-16 
18, 	 2.00000000000000e+00, 	 7.77156117237610e-16 
19, 	 2.00000000000000e+00, 	 8.88178419700125e-16 
20, 	 2.00000000000000e+00, 	 8.88178419700125e-16 
21, 	 2.00000000000000e+00, 	 8.88178419700125e-16 
22, 	 2.00000000000000e+00, 	 8.88178419700125e-16 
23, 	 2.00000000000000e+00, 	 8.88178419700125e-16 
24, 	 2.00000000000000e+00, 	 8.88178419700125e-16 
25, 	 2.00000000000000e+00, 	 1.11022302462516e-15 
26, 	 2.00000000000000e+00, 	 1.11022302462516e-15 
27, 	 2.00000000000000e+00, 	 1.11022302462516e-15 
28, 	 2.00000000000000e+00, 	 1.11022302462516e-15 
29, 	 2.00000000000000e+00, 	 1.11022302462516e-15 
30, 	 2.00000000000000e+00, 	 1.11022302462516e-15 
31, 	 2.00000000000000e+00, 	 1.11022302462516e-15 
32, 	 2.00000000000000e+00, 	 1.11022302462516e-15 
33, 	 2.00000000000000e+00, 	 1.11022302462516e-15 
34, 	 2.00000000000000e+00, 	 1.11022302462516e-15 
35, 	 2.00000000000000e+00, 	 1.11022302462516e-15 
36, 	 2.00000000000000e+00, 	 1.11022302462516e-15 
37, 	 2.00000000000000e+00, 	 1.11022302462516e-15 
38, 	 2.00000000000000e+00, 	 1.11022302462516e-15 
39, 	 2.00000000000000e+00, 	 1.11022302462516e-15 
40, 	 2.00000000000000e+00, 	 1.11022302462516e-15 
41, 	 2.00000000000000e+00, 	 1.11022302462516e-15 
42, 	 2.00000000000000e+00, 	 1.11022302462516e-15 
43, 	 2.00000000000000e+00, 	 1.11022302462516e-15 
44, 	 2.00000000000000e+00, 	 1.11022302462516e-15 
45, 	 2.00000000000000e+00, 	 1.11022302462516e-15 
46, 	 2.00000000000000e+00, 	 1.11022302462516e-15 
47, 	 2.00000000000000e+00, 	 1.11022302462516e-15 
48, 	 2.00000000000000e+00, 	 1.11022302462516e-15 
49, 	 2.00000000000000e+00, 	 1.11022302462516e-15 
50, 	 2.00000000000000e+00, 	 1.11022302462516e-15 
